 
6.475
6.475
5.9
7.85
8.4
10.375
4.1
9.85
13.175
15.1
18.275
17.7
15.25
9.9
17.875
15.35
16.425
19.65
17.625
18.625
14.6
16.35
14.725
18.875
23.9
23.825
20.725
22.85
19.625
17.95
24.8
23.225
20.225
25.5
12.825
23.95
28.2125
27.45
26.375
27.95
25.85
26.3675
27.845
25.375
24.225
14.125
14.55
21.5
25.5
20.775
25.625
24.8
24.95
24.525
24.95
23.75
25.75
24.025
19.85
20.425
22.75
25.775
26.15
24.575
26.3
23.465
22.5
21.85
23.225
24.675
26.4
27.425
28.6
25.025
22.6
27.1975
25.75
27.175
26.2
26.25
26.175
26.525
25.175
27.525
29.3975
28.675
29.0
28.075
28.645
30.125
27.6
25.95
27.825
28.59
28.675
28.625
