 
0.22
0.25
0.6
0.57
0.77
0.41
0.265
0.58
0.89
1.37
1.265
1.4
1.82
1.565
1.925
1.825
1.715
1.275
1.805
1.605
1.945
1.885
1.8
1.56
1.805
1.775
1.8
1.87
1.86
2.2
2.18
2.205
2.17
1.97
2.415
2.485
2.155
1.565
2.03
1.96
2.025
2.45
1.8
1.815
1.74
1.22
1.745
2.305
1.98
1.76
1.9
1.52
1.86
1.575
2.29
1.76
1.84
2.09
1.85
1.96
2.115
2.4
2.745
2.64
2.485
2.625
2.145
2.404
2.61
2.885
2.5
2.455
2.505
2.115
2.405
2.625
2.33
2.25
2.64
2.093
2.245
2.385
2.2
2.71
2.445
2.015
2.0
2.07
2.475
2.924
2.48
2.075
2.165
2.54
2.655
2.69
2.725
2.48
2.305
2.435
2.825
2.62
2.895
2.855
2.813
3.104
2.65
2.2
2.015
2.16
2.7
2.825
2.771
3.03
2.95
3.04
2.995
3.015
3.05
2.945
2.585
1.995
1.985
2.475
2.3
2.46
2.405
2.54
2.32
2.475
2.64
2.13
2.975
3.16
2.315
2.8
3.17
3.25
3.255
3.225
3.15
2.73
3.315
3.048
3.298
3.43
3.503
3.485
3.218
3.255
3.702
3.47
3.633
3.293
3.437
3.381
3.167
3.714
3.768
3.745
3.778
3.552
3.668
3.475
3.689
3.497
3.152
3.826
3.783
3.706
3.779
3.737
3.195
3.163
3.537
3.383
3.385
3.4
3.445
3.403
3.418
3.515
3.38
3.36
3.455
3.39
3.49
3.501
3.278
3.552
3.48
3.5
3.529
3.27
3.056
2.255
3.315
3.215
3.365
3.472
3.314
3.444
3.124
3.435
3.215
3.5
3.205
3.185
3.292
3.533
3.37
3.275
3.4
3.344
2.82
3.43
3.085
3.314
3.24
2.88
3.205
2.93
3.385
3.32
3.37
3.485
3.425
3.47
3.485
3.395
3.47
3.5
3.41
3.35
3.265
3.465
3.445
3.48
3.4
2.61
3.13
3.44
3.399
3.5
3.435
3.42
3.37
3.415
3.435
3.475
3.29
3.485
3.49
3.5
3.475
2.925
3.526
3.435
3.42
3.435
3.406
3.521
3.436
3.292
3.21
3.45
3.085
3.25
2.879
3.36
3.46
3.492
3.44
3.385
3.345
3.523
3.494
3.49
3.41
3.455
3.538
3.49
3.48
3.35
3.11
3.135
3.164
3.5
3.385
3.456
3.18
3.329
3.458
3.475
3.306
3.202
3.396
2.49
3.02
2.59
3.25
2.63
2.805
3.07
3.31
3.42
3.455
3.465
3.4
3.37
3.31
3.49
3.41
3.34
3.47
3.4
3.495
3.47
3.47
3.275
3.275
3.275
3.475
3.44
3.45
1.7
2.855
2.855
3.01
3.552
3.497
3.385
3.462
3.443
3.345
3.169
3.435
3.355
3.055
3.25
3.03
3.45
3.5
3.325
3.48
3.495
3.26
3.44
3.5
3.405
3.495
3.18
3.265
3.39
3.3
3.44
3.38
3.225
3.42
2.725
3.264
3.413
3.47
3.48
3.485
3.5
3.359
3.646
3.285
3.664
3.735
3.772
3.551
3.542
3.326
3.405
1.89
3.25
3.37
2.93
2.975
2.915
3.035
3.03
3.055
3.1
3.02
2.915
3.015
3.08
3.075
2.97
2.91
3.05
3.075
2.96
3.285
2.915
3.19
3.125
3.335
3.44
3.44
3.205
3.12
3.115
3.085
3.125
3.155
3.245
3.205
2.885
3.185
3.305
3.375
3.37
3.5
3.44
2.74
3.295
3.315
3.48
3.39
3.385
3.275
3.485
3.38
3.475
3.47
3.42
3.49
3.35
3.45
3.22
3.48
3.5
3.465
3.5
3.195
3.29
3.5
3.5
2.75
3.475
3.519
3.37
3.5
3.5
3.477
3.545
3.5
3.37
3.464
3.436
3.435
3.435
3.225
3.43
3.485
3.485
3.155
3.49
3.195
3.49
3.47
3.305
3.48
3.305
3.475
3.475
3.405
3.44
3.46
3.485
3.495
3.395
3.19
3.49
3.5
3.47
3.245
3.495
3.5
3.5
3.06
3.31
3.495
3.475
3.14
3.073
3.501
3.475
3.5
3.518
3.485
3.475
3.48
3.175
2.71
3.385
3.488
3.4
3.49
3.4
3.355
3.5
3.49
3.47
3.365
3.395
3.485
3.495
3.355
3.465
3.49
3.495
3.519
3.345
3.185
3.25
3.285
3.37
3.332
3.5
3.49
3.48
3.48
3.45
3.36
3.455
3.31
3.295
3.45
3.465
3.5
3.5
2.99
3.28
3.22
3.405
3.47
3.49
3.5
3.49
3.425
3.5
3.355
3.495
3.475
3.405
3.485
3.475
3.26
3.445
3.49
3.48
3.45
3.455
3.34
3.45
3.44
3.435
3.375
3.44
3.39
3.49
3.35
3.47
3.465
3.245
3.49
3.5
3.47
3.48
2.77
2.905
3.335
3.115
3.445
3.475
3.485
3.48
3.325
3.22
3.495
3.285
3.48
3.355
3.1
3.28
3.385
3.5
3.5
3.495
3.265
3.518
3.209
3.46
3.435
3.494
3.45
3.25
3.47
3.5
3.495
3.508
3.5
3.36
3.5
3.5
3.495
3.5
3.485
3.45
3.33
3.5
3.5
3.345
3.445
3.38
3.49
3.5
3.493
3.4
3.465
3.42
3.345
3.435
3.355
3.418
3.465
3.502
3.485
3.45
3.495
3.36
3.495
3.5
3.33
3.5
3.505
3.485
3.395
3.495
3.485
3.5
3.504
3.225
2.663
3.47
3.455
3.47
3.395
3.365
3.065
3.36
3.4
3.365
3.39
3.055
3.38
3.49
3.335
3.49
3.175
3.498
3.49
3.315
3.508
3.454
3.425
3.495
3.5
3.435
3.5
3.49
3.495
3.5
3.495
3.485
3.48
3.495
3.475
3.44
3.5
3.5
3.5
3.479
3.47
3.29
3.441
3.207
3.415
3.25
3.365
3.345
3.485
3.49
3.44
3.45
3.509
3.465
3.485
3.5
3.48
3.273
3.417
3.475
2.625
3.085
3.465
3.325
3.27
3.41
3.27
3.409
3.39
3.5
3.33
3.495
3.4
3.48
3.5
3.514
3.48
3.48
3.375
3.42
3.29
3.49
3.37
3.435
