 
4.625
4.975
5.3
5.6
8.775
5.4
4.075
8.65
11.7
12.525
12.3
14.025
13.85
12.375
13.175
12.175
14.8
15.4475
15.025
13.7
14.2675
14.5625
13.65
14.3
14.54
13.475
13.375
14.75
16.0675
14.3425
12.85
15.135
13.025
15.815
13.8725
15.25
15.075
12.725
14.375
13.6875
15.525
14.25
13.9
13.785
16.535
16.205
15.425
13.35
12.7
10.225
12.075
14.25
12.75
12.6
8.225
13.325
13.9
15.225
15.525
14.9725
15.15
14.865
10.175
10.9
13.165
15.05
15.3875
15.625
16.305
16.175
15.7075
15.55
14.65
15.67
12.75
16.0775
15.85
14.375
15.975
17.935
19.2525
18.7775
18.0325
17.655
17.0825
15.04
16.495
17.3725
19.8225
18.16
16.7375
16.5075
17.8325
19.6425
17.8725
19.935
18.0375
17.98
17.855
18.9225
18.3975
18.42
19.2675
16.63
18.2025
19.41
23.0125
20.535
20.33
22.845
22.1025
22.51
18.6575
20.2025
18.105
19.9975
20.195
20.635
20.235
19.3125
18.9975
19.0275
16.785
20.085
19.98
20.6475
22.03
23.1475
22.7875
22.9875
20.74
21.45
21.935
24.2075
24.39
23.73
23.0425
23.535
24.9125
25.38
24.2
24.915
25.4125
24.425
24.6725
26.445
25.49
22.8925
25.9625
22.775
22.455
26.4725
23.7525
26.27
27.035
27.0775
25.605
27.215
25.465
27.1475
24.825
25.8025
21.84
21.2325
23.4375
26.365
27.18
26.0525
26.985
24.8275
27.1325
27.22
26.9
27.1475
27.7325
27.005
27.7225
27.2725
26.4775
27.165
25.3
24.6375
27.6525
25.9275
25.715
27.4675
27.4325
27.91
27.985
28.135
27.295
25.9575
24.995
27.285
25.9925
26.0
27.71
27.5675
27.7625
27.1775
27.4575
27.095
26.87
26.9125
27.155
27.7625
27.0475
26.8175
27.6525
27.01
27.5925
26.9275
26.79
26.3275
26.21
26.69
27.08
26.2275
27.6075
26.805
27.0
26.0025
26.4575
26.575
25.5225
25.2325
26.025
27.0625
26.24
26.3
26.995
27.575
27.46
27.235
27.1375
26.8875
26.8625
27.045
26.78
27.445
27.5725
25.795
25.395
26.47
25.9825
25.72
26.515
26.8625
26.7275
24.1325
25.12
26.8075
26.0975
24.8125
26.2075
27.6625
27.085
27.105
26.81
26.585
25.7875
27.3275
27.55
27.1375
27.6375
27.2975
27.61
25.1625
27.075
26.62
25.93
25.0125
25.775
24.0425
26.065
25.465
25.995
26.2125
25.9525
23.8
25.2775
26.7875
25.6975
26.0725
26.5225
27.62
27.03
26.9925
26.3425
26.9825
26.455
26.5575
26.4475
26.705
25.395
26.01
26.59
27.0025
27.5875
27.5425
25.67
26.21
27.6425
27.65
27.71
26.925
27.3075
26.99
27.6675
27.4575
27.6075
26.455
26.46
27.55
26.7675
27.54
27.5625
26.9875
25.96
26.385
25.225
27.6275
26.5975
27.105
26.4675
26.995
25.945
26.28
27.085
26.58
25.855
26.925
27.4
27.58
26.985
27.015
26.985
27.005
26.1125
24.4575
27.43
27.0625
27.09
26.765
26.065
25.68
26.06
25.505
25.465
26.6875
26.99
25.945
25.9825
24.85
26.92
25.51
25.93
25.9875
27.2875
27.5925
27.2225
27.61
27.58
27.145
26.405
27.1
27.0425
26.9775
26.8725
26.6625
26.4025
26.53
27.5375
27.52
26.78
27.3925
25.9875
27.1925
26.0525
26.3875
27.02
27.6325
27.5925
26.28
26.6975
27.6325
26.835
27.02
27.665
25.305
25.395
23.0475
25.665
25.5825
26.1525
26.89
25.395
26.405
26.2675
27.5325
27.495
27.0825
27.475
27.1225
24.76
27.135
27.64
24.9925
25.16
26.6475
26.2
25.835
26.9
25.72
27.125
27.5725
27.4225
27.585
27.05
25.35
27.5825
26.81
25.975
27.6
27.6025
27.03
26.905
27.3625
26.29
26.6425
25.795
25.095
25.29
25.4075
27.0225
25.435
25.985
26.2575
27.3525
26.6775
26.1475
25.2775
26.63
25.77
26.8525
27.3675
25.85
26.7175
26.8075
26.85
25.7225
25.8425
26.5425
27.5875
26.3475
26.9625
27.6275
27.075
26.8625
25.0875
23.445
25.7975
23.375
25.9175
26.495
27.0425
24.305
24.0875
26.135
23.82
26.32
26.55
24.9625
25.745
25.81
24.7475
25.2375
24.3325
26.775
26.24
26.585
25.5425
26.6325
24.9925
25.1525
25.31
26.5925
26.4225
26.535
25.83
25.49
26.7925
26.2125
26.9275
25.46
24.9125
25.0325
25.8525
26.6475
27.2075
25.58
25.5275
26.455
26.4175
25.4875
27.425
24.3125
26.625
25.3075
27.17
24.8525
24.255
26.9075
25.9025
27.4025
25.76
26.5775
26.665
24.76
25.9525
24.02
25.885
26.2
25.5625
26.285
26.905
27.5175
25.9675
25.185
26.4475
26.7875
27.0175
26.8
25.07
26.8025
26.9775
27.585
27.09
25.92
