 
1.22
1.22
0.98
0.92
1.0
1.42
1.66
1.78
1.78
1.92
2.24
2.4
2.42
2.34
2.5
2.46
2.88
2.7
2.56
3.16
2.86
3.4
3.74
3.28
3.18
3.2
3.1
3.762
4.3
3.7
3.54
3.72
3.72
3.82
4.0
4.14
4.34
3.74
4.06
3.7
4.14
4.0
3.68
3.98
4.0
3.74
3.94
4.5
4.06
4.34
3.46
3.02
3.64
3.46
3.8
3.58
3.94
4.04
4.06
3.72
4.02
3.88
4.06
3.26
4.3
3.48
4.02
4.36
3.7
4.2
4.7
5.1
4.72
4.6
4.56
4.981
4.5
4.72
4.94
4.68
5.26
5.633
5.326
5.28
5.5
5.32
4.98
4.82
5.08
4.26
4.56
4.6
4.64
4.28
4.926
5.509
5.152
4.78
4.8
4.38
4.68
4.72
5.02
4.9
4.94
5.06
4.9
4.8
5.02
4.96
4.96
5.18
5.1
5.169
5.307
5.36
5.2
4.88
4.94
5.0
5.16
4.72
4.84
4.96
5.06
5.08
5.02
5.48
5.655
5.44
5.02
5.2
5.12
5.28
5.38
5.0
4.94
5.16
5.406
5.38
5.6
5.54
5.52
5.56
5.58
5.6
5.52
5.7
5.642
5.48
5.26
5.84
5.56
4.9
3.94
3.66
4.74
4.84
5.6
4.92
4.98
5.52
5.603
5.58
5.6
5.6
5.62
5.5
5.34
5.143
5.606
5.24
5.598
5.79
6.07
5.834
5.576
6.388
6.023
6.393
6.529
6.607
5.863
5.88
6.007
6.419
6.633
6.246
6.73
5.926
5.052
6.043
6.47
6.515
6.722
6.365
6.315
6.775
5.872
5.371
6.224
6.646
6.543
5.873
6.901
6.753
6.466
7.222
7.094
7.231
6.409
6.84
7.173
7.37
6.7
6.083
6.877
6.619
7.0
6.992
6.86
6.767
6.732
6.181
6.689
5.4
5.431
6.803
6.717
7.156
7.202
7.019
7.179
7.295
7.119
7.349
7.138
7.15
7.269
7.105
7.193
7.345
6.948
6.846
7.078
7.214
7.253
7.023
6.319
5.474
5.676
5.42
6.374
6.949
6.327
6.303
6.785
6.555
6.873
7.441
6.678
6.637
7.648
7.114
6.576
5.621
7.139
7.144
5.88
5.94
6.093
5.824
6.195
6.363
7.115
7.605
7.41
7.327
7.534
7.28
7.366
7.584
7.791
7.746
6.787
7.601
7.42
7.818
7.82
7.788
7.832
7.44
7.598
7.774
7.747
7.839
7.831
7.478
7.565
7.591
7.753
7.722
7.714
7.746
7.736
7.834
7.715
7.713
7.439
7.083
6.857
7.748
7.479
7.705
7.806
7.634
7.5
7.838
7.835
7.834
7.831
7.745
7.836
7.838
7.653
6.749
6.122
5.84
5.741
5.953
5.86
6.072
6.258
6.076
7.328
7.749
7.402
7.331
7.836
7.836
7.845
7.532
7.827
7.357
7.731
7.454
6.991
6.885
7.757
7.682
7.657
7.596
7.466
7.562
7.555
7.614
7.561
7.356
7.831
7.576
7.841
7.698
7.791
7.837
7.654
7.628
7.654
7.801
7.831
7.622
7.828
7.727
7.745
7.84
7.834
7.836
7.836
7.837
7.842
7.825
7.732
7.833
7.838
7.834
7.84
7.839
7.846
7.747
7.822
7.835
7.743
7.835
7.795
7.829
7.82
7.836
7.825
7.566
7.559
7.84
7.689
7.724
7.804
7.805
7.691
7.745
7.742
7.838
7.841
7.846
7.84
7.834
7.841
7.837
7.83
7.834
7.839
7.844
7.842
7.649
7.738
7.743
7.843
7.826
7.533
7.742
7.513
7.003
7.452
7.62
7.751
7.839
7.821
7.582
7.74
7.825
7.617
7.841
7.745
7.513
7.836
7.553
7.831
7.808
7.611
7.844
7.783
7.833
7.831
7.628
7.805
7.512
7.322
7.825
7.82
7.787
7.653
7.676
7.828
7.797
7.46
7.836
7.805
7.839
7.842
7.82
7.833
7.825
7.743
7.686
6.477
7.325
7.839
7.839
7.832
7.83
7.836
7.641
7.821
7.555
7.637
7.83
7.825
7.358
7.677
7.82
7.809
7.815
7.822
7.547
7.825
7.816
7.832
7.828
7.834
7.746
7.832
7.747
7.446
7.836
7.828
7.836
7.736
7.831
7.801
7.801
7.315
7.81
7.832
7.792
7.833
7.826
7.739
7.561
7.769
7.629
7.837
7.827
7.848
7.835
7.832
7.83
7.832
7.836
7.828
7.83
7.832
7.726
7.728
7.842
7.836
7.805
7.848
7.831
7.728
7.74
7.832
7.827
7.804
7.834
7.842
7.842
7.695
7.833
7.833
7.834
7.6
7.79
7.835
7.837
7.833
7.834
7.833
7.829
7.83
7.836
7.831
7.832
7.84
7.673
7.817
7.741
7.838
7.839
7.773
7.725
7.826
7.846
7.813
7.826
7.838
7.791
7.84
7.761
7.792
7.745
7.74
7.829
7.79
7.792
7.842
7.839
7.841
7.833
7.818
7.836
7.835
7.832
7.822
7.65
7.817
7.808
7.782
7.842
7.828
7.834
7.844
7.833
7.833
7.839
7.636
7.84
7.832
7.726
7.658
7.84
7.842
7.653
7.799
7.799
7.839
7.827
7.823
7.696
7.837
7.496
7.837
7.845
7.83
7.838
7.725
7.839
7.723
6.968
7.206
7.665
7.6
7.483
7.742
7.841
7.84
7.743
7.824
7.505
7.812
7.82
7.683
7.806
7.657
7.834
7.834
7.777
7.83
7.745
7.696
7.82
7.833
7.842
7.834
7.845
7.834
7.826
7.744
7.683
7.831
7.744
7.765
7.835
7.713
7.837
7.644
7.742
7.552
7.67
7.703
7.62
7.767
7.708
7.703
7.272
7.594
7.821
7.728
7.719
7.82
7.813
7.734
7.665
7.831
7.83
7.829
7.823
7.517
7.837
7.838
7.6
7.827
7.738
7.843
7.725
7.767
7.576
7.689
7.741
7.829
7.656
7.651
6.496
6.962
7.716
7.838
7.834
7.833
7.737
7.824
7.805
7.827
7.83
7.825
7.832
7.743
7.835
7.765
7.822
7.813
7.788
7.823
7.835
7.829
7.838
7.829
7.832
7.834
7.82
7.729
7.697
7.736
7.738
7.84
7.844
7.637
7.632
7.349
7.749
7.698
7.83
7.823
7.818
7.821
7.839
7.796
7.829
7.744
7.637
7.737
7.711
7.624
7.814
7.241
7.738
7.829
7.804
7.838
7.772
6.965
7.808
7.747
7.681
7.56
7.679
7.845
7.596
7.734
7.79
7.635
7.84
7.822
7.62
7.713
7.522
7.795
7.509
7.813
7.833
7.748
7.607
7.75
7.738
7.41
7.822
7.825
7.702
7.82
7.698
7.778
7.84
7.825
7.825
7.676
7.676
7.711
7.816
7.822
7.636
7.642
7.806
7.828
7.832
7.708
7.597
7.743
7.841
7.833
7.822
7.832
7.65
7.843
7.834
7.834
7.836
7.834
7.737
7.832
7.83
7.83
7.823
7.839
7.833
7.749
7.715
7.724
7.831
7.681
7.566
7.823
7.746
7.82
7.681
7.563
7.317
7.639
7.833
7.74
7.831
7.844
7.836
7.796
7.834
7.847
7.829
7.832
7.838
7.564
7.741
7.821
7.606
7.777
7.749
7.835
7.833
7.837
7.837
7.793
7.745
7.753
7.835
7.732
7.832
7.843
7.829
7.835
7.809
7.811
7.829
7.734
7.833
7.835
7.812
7.838
7.826
7.745
7.849
7.835
7.836
7.84
7.634
7.719
7.825
7.832
7.839
7.836
7.83
7.633
7.847
7.722
7.827
7.834
7.843
7.643
7.819
7.846
7.747
7.82
7.71
7.836
7.741
7.84
7.737
7.84
7.84
7.835
7.555
7.83
7.707
7.838
7.541
7.682
7.574
7.822
7.839
7.773
7.739
7.839
7.758
6.562
7.538
7.797
7.833
7.833
7.824
7.765
7.836
7.83
7.234
7.792
7.776
7.833
7.834
7.823
7.647
7.529
7.435
7.639
7.615
7.828
7.248
7.566
7.743
7.824
7.818
7.647
7.801
7.834
7.822
7.745
7.79
7.486
7.772
7.826
7.736
7.825
7.842
6.997
7.727
7.827
7.646
7.75
7.476
7.189
7.803
7.821
7.843
7.811
7.82
7.823
7.648
7.637
7.804
7.821
7.79
7.769
7.821
7.284
7.43
7.831
7.819
7.762
7.828
7.719
7.846
7.842
7.826
7.835
7.65
7.743
7.748
7.837
7.825
7.841
7.831
7.834
7.835
7.837
7.834
7.838
7.833
7.825
7.819
7.836
7.838
7.839
7.838
7.465
7.653
7.841
7.828
7.839
7.828
7.83
7.722
7.83
7.836
7.655
7.705
7.721
7.305
7.831
7.704
7.837
7.656
7.812
7.837
7.835
7.773
7.836
7.836
7.836
7.825
7.837
7.835
7.843
7.838
7.59
7.807
7.827
7.84
7.63
7.409
7.714
7.218
7.749
7.832
7.748
7.71
7.834
7.843
7.838
7.847
7.754
7.85
7.84
7.722
7.787
7.842
7.834
7.849
7.819
7.83
7.836
7.707
7.81
7.824
7.682
7.776
7.833
7.745
7.838
7.84
7.829
7.768
7.821
7.46
7.829
7.835
7.837
7.835
7.841
7.838
7.841
7.757
7.832
7.643
7.82
7.808
7.746
7.745
7.831
7.829
7.829
7.735
7.643
7.736
6.079
6.759
6.203
5.713
6.032
7.83
7.586
7.333
7.834
7.827
7.818
7.84
7.665
7.827
7.514
7.815
7.836
7.738
7.833
7.715
7.83
7.823
7.82
7.733
7.832
7.826
7.466
7.838
7.682
7.753
7.776
7.831
7.626
7.699
7.739
7.839
7.832
7.734
7.839
7.762
7.832
7.56
7.604
7.821
7.827
7.832
7.001
7.843
7.821
7.644
7.748
7.828
7.827
7.841
7.72
7.822
7.832
7.827
7.844
7.83
7.728
7.828
7.809
7.8
7.842
7.843
7.83
7.827
7.804
7.807
7.83
7.818
7.826
7.747
7.83
7.41
7.818
7.825
7.759
7.827
7.828
7.819
7.826
7.83
7.811
7.815
7.831
7.829
7.829
7.833
7.732
7.816
7.822
7.817
7.731
7.807
7.832
7.83
7.458
7.657
7.843
7.844
7.737
7.845
7.795
7.827
7.833
7.833
7.837
7.795
7.568
7.646
7.839
7.399
7.805
7.735
7.723
7.788
7.84
7.821
7.656
7.825
7.393
7.683
7.833
7.824
7.768
7.394
7.619
7.765
7.003
7.649
7.736
7.727
7.785
7.839
7.835
7.8
7.477
7.662
7.505
7.85
7.832
7.621
7.728
7.83
7.724
7.648
7.824
7.831
7.837
7.414
7.826
7.845
7.833
7.824
7.804
7.829
7.823
7.83
7.833
7.84
7.834
7.839
7.839
7.84
7.83
7.837
7.835
7.836
7.837
7.643
7.826
7.774
7.839
7.65
7.832
7.83
7.827
7.831
7.838
7.608
7.828
7.824
7.833
7.826
7.832
7.833
7.83
7.834
7.623
7.818
7.838
7.719
7.822
7.83
7.829
7.814
7.823
7.837
7.813
7.84
7.834
7.829
7.832
7.826
7.838
7.821
7.824
7.85
7.745
7.842
7.643
7.691
7.74
7.838
7.748
7.799
7.592
7.825
7.836
7.835
7.787
7.808
7.745
7.844
7.838
7.832
7.772
7.842
7.841
7.841
7.836
7.838
7.775
7.84
7.741
7.841
7.834
7.813
7.829
7.823
7.84
7.827
7.836
7.832
7.836
7.834
7.841
7.841
7.822
7.838
7.836
7.838
7.836
7.835
7.843
7.81
7.839
7.839
7.813
7.815
7.839
7.839
7.832
7.841
7.631
7.836
7.831
7.844
7.837
7.828
7.832
7.834
7.84
7.825
7.842
7.832
7.837
7.842
7.744
7.839
7.826
7.84
7.845
7.838
7.826
7.837
7.826
7.733
7.432
7.827
7.807
7.734
7.715
7.61
7.819
7.839
7.838
7.837
7.747
7.829
7.832
7.814
7.828
7.838
7.837
7.836
7.84
7.827
7.834
7.836
7.841
7.834
7.83
7.803
7.828
7.771
7.809
7.812
7.821
7.827
7.833
7.837
7.84
7.839
7.836
7.829
7.831
7.841
7.839
7.811
7.834
7.833
7.836
7.838
7.842
7.837
7.726
7.731
7.838
7.832
7.817
7.832
7.83
7.839
7.818
7.765
7.835
7.835
7.836
7.831
7.833
7.83
7.84
7.841
7.829
7.83
7.828
7.831
7.835
7.528
7.834
7.841
7.676
7.838
7.84
7.827
7.838
7.828
7.837
7.847
7.833
7.837
7.838
7.837
7.84
7.834
7.834
7.831
7.775
7.747
7.807
7.693
7.816
7.779
7.769
7.802
7.694
7.747
7.843
7.831
7.828
7.839
7.838
7.842
7.839
7.828
7.845
7.57
7.845
7.787
7.827
7.825
7.834
7.833
7.829
7.84
7.835
7.843
7.818
7.835
7.846
7.835
7.727
7.842
7.811
7.838
7.839
7.831
7.538
7.835
7.821
7.796
7.831
7.836
7.832
7.831
7.84
7.832
7.833
7.838
7.834
7.666
6.196
5.888
7.181
7.763
7.811
7.786
7.754
7.827
7.836
7.619
7.823
7.842
7.836
7.807
7.841
7.822
7.723
7.83
7.818
7.827
7.828
7.838
7.814
7.741
7.836
7.742
7.726
7.841
7.841
7.836
7.836
7.833
7.804
7.839
7.742
7.843
7.841
7.838
7.742
7.765
7.659
7.834
7.661
7.831
7.739
7.843
7.841
7.838
7.654
7.729
7.832
7.842
7.833
7.814
7.663
7.819
7.839
7.614
7.769
7.648
7.723
7.833
7.589
7.656
7.839
7.77
7.708
7.746
7.562
7.739
7.811
7.843
7.839
7.837
7.426
7.797
7.834
7.831
7.732
7.633
7.837
7.824
7.742
7.831
7.827
7.832
7.838
7.747
7.646
7.84
7.835
7.835
7.838
7.827
7.815
7.832
7.836
7.74
7.766
7.801
7.786
7.656
7.839
7.587
7.826
7.816
7.673
7.841
7.706
7.475
7.815
7.836
7.839
7.8
7.839
7.829
7.733
7.827
7.825
7.765
7.834
7.826
7.812
7.823
7.83
7.831
7.824
7.83
7.812
7.813
7.84
7.815
7.4
7.841
7.804
7.826
7.797
7.776
7.822
7.827
7.826
7.527
7.836
7.834
7.838
7.831
7.805
7.826
7.726
7.824
7.829
7.785
7.828
7.837
7.826
7.838
7.837
7.809
7.821
7.844
7.82
7.846
7.83
7.828
7.832
7.823
7.816
7.845
7.832
7.31
7.725
7.114
7.731
7.777
7.827
7.771
7.843
7.6
7.833
7.831
7.834
7.797
7.799
7.716
7.768
7.839
7.735
7.697
7.671
7.797
7.745
7.74
7.789
7.792
7.819
7.775
7.449
7.622
7.61
7.834
7.825
7.839
7.71
7.789
7.762
7.573
7.819
7.834
7.702
7.83
7.834
7.638
7.833
7.795
7.821
7.832
7.802
7.739
7.815
7.799
7.804
7.811
7.834
7.814
7.725
7.822
7.706
7.726
7.797
7.665
7.711
7.804
7.743
7.745
7.82
7.748
7.724
7.838
7.719
7.337
7.81
7.806
7.83
7.839
7.812
7.818
7.81
7.757
7.831
7.796
7.811
7.825
7.794
7.739
7.815
7.811
7.834
7.798
7.827
7.52
7.804
7.83
7.826
7.799
7.823
7.814
7.833
7.782
7.81
7.824
7.791
7.535
7.604
7.741
7.823
7.83
7.726
7.81
7.8
7.837
7.828
7.815
7.844
