 
0.62
0.54
0.595
0.63
0.855
0.765
1.145
1.36
0.955
1.3
1.255
1.4
1.0
1.47
1.41
1.79
1.965
1.895
1.28
1.665
1.825
1.975
1.88
2.05
2.015
1.915
1.895
2.005
1.775
1.97
1.83
1.91
2.325
1.98
2.395
1.925
1.465
1.485
1.76
1.93
1.735
2.15
2.23
2.939
2.23
2.665
2.445
2.43
2.245
2.185
2.18
2.22
1.735
1.965
2.62
2.815
2.5
2.435
2.53
2.88
2.37
2.255
2.305
2.08
2.89
2.775
2.435
2.986
3.045
2.81
2.76
2.55
2.807
3.371
3.43
2.775
2.675
2.322
2.725
2.925
3.075
3.157
2.986
2.745
3.01
2.99
2.98
2.945
2.81
2.715
2.82
2.585
2.28
2.275
2.245
1.95
2.165
2.255
2.93
2.655
2.675
2.78
2.52
2.295
2.5
2.355
2.695
2.655
2.205
2.125
2.52
2.61
2.51
2.84
2.875
2.95
3.21
2.995
3.145
2.96
3.25
2.835
2.875
3.125
3.04
3.18
2.91
2.985
2.925
3.15
2.975
2.455
2.545
2.93
2.615
2.81
2.865
2.825
3.055
3.03
2.95
3.05
2.935
2.99
2.875
3.166
3.085
3.16
2.99
2.8
3.145
3.135
3.17
2.955
3.011
2.675
2.86
3.025
3.154
3.125
3.17
3.683
3.853
3.639
3.242
3.519
3.1
3.252
3.261
3.199
2.585
1.585
2.607
2.625
2.91
3.195
3.005
3.145
3.155
3.185
3.155
2.785
3.155
2.44
2.825
3.165
3.2
3.115
3.095
3.315
3.463
3.022
3.102
3.415
3.406
2.226
2.33
2.135
1.48
2.43
2.59
3.135
3.145
2.903
3.288
3.396
3.261
2.87
3.071
3.104
3.539
3.413
3.303
3.15
3.416
3.378
3.11
3.15
3.045
2.935
2.755
2.64
2.95
2.995
3.07
2.945
3.07
2.755
2.8
2.972
2.835
2.625
2.865
3.06
3.201
3.022
3.039
3.095
3.33
3.396
3.22
3.017
3.463
3.636
3.153
3.193
3.17
3.15
3.12
2.915
2.96
3.045
3.025
2.955
3.115
2.99
3.01
3.065
2.211
3.316
3.209
2.985
3.09
3.209
3.099
3.05
3.195
3.19
2.95
3.0
3.195
3.021
3.145
3.035
2.6
3.155
3.08
3.096
3.075
3.213
3.035
2.22
1.755
2.53
2.62
2.695
2.61
2.94
3.125
2.935
2.845
2.445
2.925
3.252
3.2
3.215
3.225
3.065
3.315
3.349
3.421
3.71
3.38
3.15
3.165
3.352
3.325
2.975
3.491
3.359
3.312
3.394
3.12
3.3
3.045
2.681
3.409
3.449
2.875
3.025
3.05
3.05
2.945
3.125
2.97
2.87
3.135
3.075
3.185
2.803
3.025
3.135
3.213
3.195
3.185
2.975
2.64
2.79
2.655
3.01
3.305
3.27
3.3
3.335
3.145
3.075
3.185
2.97
3.25
3.006
3.306
3.395
3.285
3.33
3.27
3.11
3.2
3.225
3.045
2.92
3.17
3.295
2.795
3.265
3.33
3.39
3.474
3.497
3.195
3.135
3.375
3.265
3.28
3.13
2.646
1.56
2.055
2.215
2.205
2.245
2.465
2.696
3.09
2.89
2.915
2.91
3.145
3.213
2.93
2.97
