 
7.975
8.4
7.9
8.825
7.95
8.05
8.2
8.625
8.5
8.025
8.825
9.9
10.6
11.2
12.825
12.975
13.0
12.85
14.3
13.775
14.275
14.9
14.775
15.249
14.955
15.875
15.894
16.026
15.997
14.75
14.9
15.942
15.711
16.784
16.519
17.267
16.927
16.151
16.942
16.926
17.802
17.376
18.135
17.954
16.811
18.115
17.823
18.259
18.232
18.53
18.381
18.061
18.309
17.266
17.088
16.957
17.908
17.727
17.699
17.579
17.213
17.077
17.667
17.287
16.85
16.936
16.736
18.066
17.445
16.249
16.97
17.549
17.732
15.6
12.475
14.55
15.275
13.725
14.525
16.246
17.338
17.762
18.137
18.135
18.541
14.744
14.888
16.403
15.492
16.139
15.852
17.441
18.739
18.146
17.454
17.603
18.158
18.275
17.364
18.182
18.644
17.77
16.902
16.866
17.849
16.13
15.275
16.132
15.918
16.25
16.732
17.427
18.437
17.799
17.933
19.145
18.922
18.129
17.949
17.912
17.857
18.598
17.792
17.632
14.65
13.95
14.95
16.174
16.525
16.794
16.185
16.854
16.336
17.308
17.143
16.702
16.344
15.543
17.692
17.962
17.953
17.536
16.646
14.15
14.793
17.198
17.402
17.706
16.921
16.101
17.232
17.764
17.901
18.447
17.857
18.184
17.576
17.607
17.474
18.719
17.861
18.517
17.897
18.862
17.474
17.144
18.134
18.476
18.495
19.285
18.899
17.784
17.208
16.698
16.44
16.729
17.087
15.275
16.385
13.2
15.9
16.336
16.755
16.627
13.761
14.259
15.642
16.957
16.701
18.02
18.177
15.193
16.047
15.125
14.25
16.477
15.557
14.55
14.05
14.65
15.364
13.8
12.575
12.9
13.175
15.029
16.3
16.624
14.975
13.0
14.9
15.775
13.65
14.342
16.985
17.863
18.095
17.35
17.693
17.652
18.367
19.202
18.376
19.4
19.605
19.396
18.993
18.04
16.475
17.349
17.007
16.75
15.929
15.5
16.268
14.157
14.179
16.491
15.45
14.47
17.284
16.518
16.197
16.266
15.479
16.088
15.127
13.75
13.904
15.93
16.143
13.5
13.45
14.25
14.725
14.1
14.675
15.25
14.625
15.725
15.45
14.525
13.85
14.125
15.358
14.95
15.275
15.05
14.259
14.725
13.475
15.7
16.025
16.158
13.875
13.25
11.525
12.925
12.35
13.125
13.15
12.075
12.325
13.15
12.65
14.025
12.875
12.85
13.6
14.15
13.45
13.725
12.95
12.95
11.2
11.175
9.275
10.9
12.45
13.375
11.35
12.675
12.4
11.55
11.1
12.875
11.275
11.525
12.275
11.9
12.575
12.35
13.475
12.775
13.325
14.45
14.45
13.5
13.475
12.4
12.3
13.15
14.525
15.307
13.825
13.45
13.525
13.3
14.0
13.95
13.725
13.075
12.275
14.225
11.95
12.7
13.575
13.0
10.175
11.65
10.325
12.2
13.625
12.875
11.025
10.35
11.625
10.5
11.575
12.125
11.975
12.675
13.4
10.225
10.325
10.325
11.525
12.275
12.575
12.975
12.95
7.9
6.9
6.225
6.5
8.225
10.85
11.325
10.35
9.75
9.35
13.0
13.85
11.025
13.675
13.775
14.65
9.95
11.05
12.725
10.375
9.95
10.675
9.525
8.3
7.55
10.325
9.95
11.375
10.8
11.075
12.15
11.625
11.325
10.375
8.45
9.075
8.775
6.75
10.275
11.1
10.375
11.425
14.625
13.975
14.875
14.65
14.6
15.4
16.175
14.225
15.025
14.7
15.175
15.175
13.325
10.775
11.975
13.75
13.8
13.55
14.3
13.6
14.775
14.675
13.375
12.825
13.05
12.55
13.5
12.725
13.35
13.175
14.55
15.005
15.9
15.05
15.475
14.875
14.85
14.625
15.225
15.05
14.875
15.223
15.45
13.475
14.475
12.475
11.8
11.3
14.225
13.175
13.15
13.769
12.388
13.125
13.725
13.4
14.25
14.825
11.975
12.3
13.625
13.775
13.85
13.725
14.775
14.923
14.325
15.125
15.675
14.75
14.075
13.025
14.65
15.35
15.025
15.3
16.113
14.0
13.1
13.6
11.45
12.875
15.475
13.475
15.85
13.7
16.517
16.25
14.05
11.45
13.925
13.675
14.375
14.525
12.925
10.6
11.875
12.325
14.025
14.4
13.925
14.35
12.775
13.375
14.05
12.6
12.35
15.075
12.9
13.45
13.35
12.825
12.3
14.125
13.225
10.775
14.1
11.775
13.0
14.15
14.475
13.95
13.675
12.975
13.4
13.65
13.925
13.1
12.85
12.525
13.15
12.5
11.5
12.8
12.25
11.825
11.9
13.575
13.775
12.875
13.7
13.575
12.9
12.875
12.2
12.475
13.875
14.925
16.506
15.35
15.625
15.125
15.4
14.5
13.85
14.125
14.65
15.0
14.225
13.275
13.925
15.025
14.5
13.5
14.25
12.375
10.9
9.55
13.025
10.15
9.625
10.725
10.3
11.525
11.6
11.0
10.9
11.475
11.1
11.375
11.225
10.975
10.925
11.375
11.175
11.675
10.85
10.425
11.7
13.05
13.225
13.575
11.25
9.2
10.175
10.55
12.975
14.35
14.125
14.375
15.2
14.25
14.175
14.5
11.625
14.275
11.45
12.075
13.75
13.625
13.35
13.8
13.35
13.45
11.95
14.618
14.375
13.575
14.425
13.925
11.875
11.725
11.55
10.825
12.825
12.425
13.525
13.35
14.0
14.225
14.85
13.725
13.175
13.25
13.425
13.775
14.175
14.525
15.175
15.175
15.95
16.05
15.175
13.6
13.75
15.1
15.7
15.275
15.45
15.5
16.0
15.65
15.45
15.3
15.475
15.45
15.975
13.675
14.35
14.2
14.775
14.6
12.15
15.1
14.9
15.95
13.25
14.85
15.55
12.525
14.45
13.9
14.475
14.525
14.7
14.925
15.6
16.393
14.45
15.45
17.174
17.632
17.08
16.716
16.837
16.982
17.371
15.913
13.65
14.2
14.625
14.2
14.3
13.275
11.225
12.675
13.875
13.25
13.65
12.35
14.0
14.0
14.35
14.275
13.525
12.45
12.825
15.85
14.6
13.9
13.475
13.2
13.925
14.275
14.3
11.325
13.0
14.325
10.825
13.5
15.375
14.1
8.15
9.2
10.225
12.025
11.825
11.7
12.75
12.1
6.3
7.25
9.575
6.675
6.275
7.375
8.35
7.6
7.75
6.9
7.6
8.075
7.675
8.675
8.9
9.725
9.9
10.05
9.85
8.5
9.325
9.425
7.5
8.4
8.7
9.1
9.2
8.725
9.0
8.95
9.025
8.75
9.325
9.75
8.55
8.1
8.8
8.75
9.075
8.975
10.1
8.55
8.9
10.5
10.3
7.825
7.3
6.275
9.15
9.55
9.1
9.175
9.675
9.075
9.05
9.775
9.9
9.875
9.55
10.175
10.425
10.55
10.525
11.35
9.9
10.45
10.525
10.0
9.025
8.825
8.025
8.55
8.4
8.725
9.675
10.6
10.25
11.825
11.725
13.375
11.25
11.475
10.075
9.6
9.6
9.1
8.7
9.875
10.85
9.725
10.975
10.725
10.4
10.4
10.65
11.925
12.85
10.95
12.075
12.475
11.775
12.3
11.7
10.675
11.55
11.975
9.675
11.425
12.775
13.325
12.4
12.5
13.575
13.575
11.575
12.15
12.775
12.7
12.275
11.175
11.6
12.025
11.625
11.325
5.825
10.325
10.475
10.075
9.3
9.725
10.525
10.55
10.825
10.775
10.025
10.025
9.825
9.15
9.625
9.725
10.275
11.175
11.675
12.4
11.0
11.925
9.675
10.6
10.45
9.35
9.3
9.5
9.325
9.6
9.975
11.025
10.475
10.775
9.925
9.925
9.4
10.65
10.525
9.7
9.65
9.0
9.1
8.75
9.1
9.1
8.7
8.1
8.35
8.5
8.625
9.525
8.975
9.325
8.95
8.825
8.575
8.325
8.15
8.95
8.625
8.9
8.75
8.0
7.975
7.8
7.55
8.125
7.325
7.95
7.95
8.2
8.1
8.125
8.575
8.875
7.975
8.05
8.1
8.675
8.7
9.3
9.55
10.125
9.25
9.5
9.15
8.325
8.475
8.125
8.25
8.1
8.95
9.575
8.85
8.45
7.875
8.55
8.15
8.275
7.175
6.65
6.25
6.35
6.95
6.775
6.925
6.2
5.65
6.6
6.2
5.275
6.075
6.65
6.575
6.25
7.15
6.55
6.325
6.375
7.25
7.175
7.15
6.875
7.525
7.7
6.6
7.275
7.6
7.725
7.95
8.025
7.825
7.45
8.15
8.925
8.825
8.575
8.5
9.4
9.1
7.15
5.95
6.05
5.95
6.35
4.7
4.8
3.275
5.375
5.2
6.225
5.375
5.4
4.7
6.15
6.575
5.55
5.4
5.3
4.425
3.825
4.0
1.575
3.2
6.025
5.6
4.725
4.6
5.025
4.6
3.65
3.975
4.025
4.1
3.35
3.925
4.15
4.175
3.6
3.925
3.8
3.5
3.75
3.55
3.475
3.825
3.575
3.0
2.925
2.975
2.85
3.025
3.025
3.325
2.875
3.4
2.85
3.225
3.0
2.7
3.075
3.375
3.525
3.175
3.775
3.325
2.875
3.0
2.95
3.0
2.875
2.95
2.6
2.5
2.5
