 
1.05
0.95
1.4
1.2
1.15
1.4
1.85
2.1
2.304
2.33
2.05
2.0
2.0
2.0
2.3
2.1
2.45
3.095
3.714
3.373
4.052
3.163
2.993
3.242
3.919
3.8
4.486
4.178
3.833
3.427
2.428
3.203
3.006
2.933
3.466
3.16
3.325
5.425
6.179
6.665
7.205
6.307
5.834
6.25
8.136
7.612
8.224
8.266
8.252
8.266
8.266
8.259
7.731
8.259
8.266
8.245
8.252
8.203
8.252
8.231
8.224
8.155
8.217
8.245
8.238
8.21
8.266
8.28
7.866
8.266
8.238
8.245
8.273
8.238
8.21
8.259
8.252
8.217
8.252
8.01
8.168
8.091
7.955
8.21
8.217
7.768
7.703
8.218
8.155
8.19
7.96
7.893
8.192
8.231
8.076
7.89
8.052
7.897
7.56
7.55
6.436
6.754
8.238
8.161
8.231
7.752
8.075
8.217
7.939
8.266
8.231
8.245
7.703
8.224
8.189
8.196
8.203
8.189
8.189
8.245
8.175
8.245
8.105
8.182
8.154
8.224
8.189
8.056
7.787
8.076
8.077
7.742
7.354
8.238
8.178
8.154
8.147
8.161
8.231
8.224
8.161
8.126
8.21
8.199
8.21
8.266
8.217
8.025
8.105
8.03
8.017
8.211
7.889
8.161
8.175
8.196
7.803
7.87
7.653
8.245
8.196
8.182
8.168
8.21
8.224
8.168
8.097
7.426
8.023
8.252
8.206
8.238
7.882
7.708
8.1
8.143
8.238
7.982
8.157
7.812
8.21
7.855
8.15
8.252
8.252
8.224
8.266
8.238
8.176
8.176
8.033
8.238
8.196
8.28
8.217
8.266
8.143
8.245
7.953
8.154
8.196
7.496
7.909
8.238
7.942
8.196
8.266
8.004
8.171
8.147
7.924
8.203
8.099
8.231
8.175
7.721
8.096
8.252
7.261
8.082
8.034
8.266
8.045
7.188
7.819
8.21
8.175
8.224
8.217
8.238
8.266
7.196
7.995
8.196
8.189
8.217
7.96
8.189
8.203
7.279
5.97
3.081
3.336
3.0
3.892
8.147
7.914
8.21
8.175
8.153
8.182
7.903
8.038
6.297
7.173
7.658
7.257
8.098
8.078
7.929
8.245
7.84
8.129
7.656
8.196
8.21
8.16
8.196
8.21
8.203
8.196
7.833
8.132
7.653
8.224
8.217
8.21
7.334
8.161
8.009
7.64
7.555
5.991
5.882
7.14
6.485
6.91
7.069
6.815
6.996
7.477
7.635
7.703
7.465
7.188
5.475
4.769
6.445
8.094
8.168
7.79
7.678
7.751
8.01
7.915
8.112
8.076
7.985
7.798
7.801
7.859
7.208
7.902
6.822
6.878
6.953
8.09
8.136
8.203
8.238
7.911
8.161
8.056
8.108
6.847
7.527
7.932
8.21
5.038
4.038
4.345
5.418
8.098
7.542
6.528
6.555
6.44
5.099
6.729
6.283
7.138
5.686
5.958
4.585
4.916
6.17
7.995
7.298
7.203
6.853
5.489
5.576
7.298
6.898
8.056
8.018
7.978
5.8
5.083
5.928
7.616
7.816
7.586
7.633
7.463
7.359
6.845
7.574
7.247
6.655
6.263
3.861
5.166
5.859
7.275
6.909
7.247
7.559
7.35
7.523
7.924
5.748
4.803
5.862
8.056
8.175
7.814
8.097
7.709
6.855
7.569
7.481
7.166
5.136
7.471
4.875
6.591
5.083
6.084
6.185
5.204
6.025
5.951
4.743
4.385
2.85
2.35
3.075
2.869
2.0
3.123
3.11
2.4
2.807
2.869
2.933
3.505
3.804
3.36
3.156
3.508
3.696
0.455
2.411
4.763
6.558
2.888
2.35
4.869
7.085
6.274
6.473
6.401
3.513
3.872
6.17
3.894
6.261
6.933
5.952
6.254
5.932
3.932
6.662
4.186
4.356
5.883
5.259
6.443
7.063
6.829
6.088
6.299
5.021
5.574
5.842
5.525
2.649
3.237
2.657
3.709
3.166
2.15
2.764
2.2
4.589
2.6
1.6
3.408
3.382
3.134
4.433
5.87
